000000001000000010000000110000
000000000000000000000100000000
010001000010000000010010010000
001100001000000001000000000011
000000000000010100100100100001
000101001001110010000000000000
000000000001000001000001100100
000000000000000000010000000000
100100000000000000110000000001
100000000000000000101100101000
000010000000001010001000001000
110000001100000000000000000100
000000001000100000011000000110
000000001000000100100000001000
000100000000000001000010000000
001000000000000000000000001000
001000000000000000110000000110
100001010011000000000000100000
000000000001000000110000000000
000100110000001001000001000100
001000100010000000001000000000
001001100000000011000001010000
000000000101001000000010000010
000011000100000000000000000000
011000000000000000000100010001
001001000000000100000010000000
110000000000000010110110000101
010000010000010000000010000100
000010000001001101010001000000
010001001011000000001010100000
